Month,Opening_Balance,Monthly_Investment,Total_Month_Investment_Amount,Interest_Amount,Final_Amount
1,20000.0,500.0,20500.0,102.5,20602.5
2,20602.5,500.0,21102.5,105.51,21208.01
3,21208.01,500.0,21708.01,108.54,21816.55
4,21816.55,500.0,22316.55,111.58,22428.13
5,22428.13,500.0,22928.13,114.64,23042.77
6,23042.77,500.0,23542.77,117.71,23660.48
7,23660.48,500.0,24160.48,120.8,24281.28
8,24281.28,500.0,24781.28,123.91,24905.19
9,24905.19,500.0,25405.19,127.03,25532.22
10,25532.22,500.0,26032.22,130.16,26162.38
11,26162.38,500.0,26662.38,133.31,26795.69
12,26795.69,500.0,27295.69,136.48,27432.17
13,27432.17,500.0,27932.17,139.66,28071.83
14,28071.83,500.0,28571.83,142.86,28714.69
15,28714.69,500.0,29214.69,146.07,29360.76
16,29360.76,500.0,29860.76,149.3,30010.06
17,30010.06,500.0,30510.06,152.55,30662.61
18,30662.61,500.0,31162.61,155.81,31318.42
19,31318.42,500.0,31818.42,159.09,31977.51
20,31977.51,500.0,32477.51,162.39,32639.9
21,32639.9,500.0,33139.9,165.7,33305.6
22,33305.6,500.0,33805.6,169.03,33974.63
23,33974.63,500.0,34474.63,172.37,34647.0
24,34647.0,500.0,35147.0,175.74,35322.74
25,35322.74,500.0,35822.74,179.11,36001.85
26,36001.85,500.0,36501.85,182.51,36684.36
27,36684.36,500.0,37184.36,185.92,37370.28
28,37370.28,500.0,37870.28,189.35,38059.63
29,38059.63,500.0,38559.63,192.8,38752.43
30,38752.43,500.0,39252.43,196.26,39448.69
31,39448.69,500.0,39948.69,199.74,40148.43
32,40148.43,500.0,40648.43,203.24,40851.67
33,40851.67,500.0,41351.67,206.76,41558.43
34,41558.43,500.0,42058.43,210.29,42268.72
35,42268.72,500.0,42768.72,213.84,42982.56
36,42982.56,500.0,43482.56,217.41,43699.97
37,43699.97,500.0,44199.97,221.0,44420.97
38,44420.97,500.0,44920.97,224.6,45145.57
39,45145.57,500.0,45645.57,228.23,45873.8
40,45873.8,500.0,46373.8,231.87,46605.67
41,46605.67,500.0,47105.67,235.53,47341.2
42,47341.2,500.0,47841.2,239.21,48080.41
43,48080.41,500.0,48580.41,242.9,48823.31
44,48823.31,500.0,49323.31,246.62,49569.93
45,49569.93,500.0,50069.93,250.35,50320.28
46,50320.28,500.0,50820.28,254.1,51074.38
47,51074.38,500.0,51574.38,257.87,51832.25
48,51832.25,500.0,52332.25,261.66,52593.91
49,52593.91,500.0,53093.91,265.47,53359.38
50,53359.38,500.0,53859.38,269.3,54128.68
51,54128.68,500.0,54628.68,273.14,54901.82
52,54901.82,500.0,55401.82,277.01,55678.83
53,55678.83,500.0,56178.83,280.89,56459.72
54,56459.72,500.0,56959.72,284.8,57244.52
55,57244.52,500.0,57744.52,288.72,58033.24
56,58033.24,500.0,58533.24,292.67,58825.91
57,58825.91,500.0,59325.91,296.63,59622.54
58,59622.54,500.0,60122.54,300.61,60423.15
59,60423.15,500.0,60923.15,304.62,61227.77
60,61227.77,500.0,61727.77,308.64,62036.41
61,62036.41,500.0,62536.41,312.68,62849.09
62,62849.09,500.0,63349.09,316.75,63665.84
63,63665.84,500.0,64165.84,320.83,64486.67
64,64486.67,500.0,64986.67,324.93,65311.6
65,65311.6,500.0,65811.6,329.06,66140.66
66,66140.66,500.0,66640.66,333.2,66973.86
67,66973.86,500.0,67473.86,337.37,67811.23
68,67811.23,500.0,68311.23,341.56,68652.79
69,68652.79,500.0,69152.79,345.76,69498.55
70,69498.55,500.0,69998.55,349.99,70348.54
71,70348.54,500.0,70848.54,354.24,71202.78
72,71202.78,500.0,71702.78,358.51,72061.29
73,72061.29,500.0,72561.29,362.81,72924.1
74,72924.1,500.0,73424.1,367.12,73791.22
75,73791.22,500.0,74291.22,371.46,74662.68
76,74662.68,500.0,75162.68,375.81,75538.49
77,75538.49,500.0,76038.49,380.19,76418.68
78,76418.68,500.0,76918.68,384.59,77303.27
79,77303.27,500.0,77803.27,389.02,78192.29
80,78192.29,500.0,78692.29,393.46,79085.75
81,79085.75,500.0,79585.75,397.93,79983.68
82,79983.68,500.0,80483.68,402.42,80886.1
83,80886.1,500.0,81386.1,406.93,81793.03
84,81793.03,500.0,82293.03,411.47,82704.5
85,82704.5,500.0,83204.5,416.02,83620.52
86,83620.52,500.0,84120.52,420.6,84541.12
87,84541.12,500.0,85041.12,425.21,85466.33
88,85466.33,500.0,85966.33,429.83,86396.16
89,86396.16,500.0,86896.16,434.48,87330.64
90,87330.64,500.0,87830.64,439.15,88269.79
91,88269.79,500.0,88769.79,443.85,89213.64
92,89213.64,500.0,89713.64,448.57,90162.21
93,90162.21,500.0,90662.21,453.31,91115.52
94,91115.52,500.0,91615.52,458.08,92073.6
95,92073.6,500.0,92573.6,462.87,93036.47
96,93036.47,500.0,93536.47,467.68,94004.15
97,94004.15,500.0,94504.15,472.52,94976.67
98,94976.67,500.0,95476.67,477.38,95954.05
99,95954.05,500.0,96454.05,482.27,96936.32
100,96936.32,500.0,97436.32,487.18,97923.5
101,97923.5,500.0,98423.5,492.12,98915.62
102,98915.62,500.0,99415.62,497.08,99912.7
103,99912.7,500.0,100412.7,502.06,100914.76
104,100914.76,500.0,101414.76,507.07,101921.83
105,101921.83,500.0,102421.83,512.11,102933.94
106,102933.94,500.0,103433.94,517.17,103951.11
107,103951.11,500.0,104451.11,522.26,104973.37
108,104973.37,500.0,105473.37,527.37,106000.74
109,106000.74,500.0,106500.74,532.5,107033.24
110,107033.24,500.0,107533.24,537.67,108070.91
111,108070.91,500.0,108570.91,542.85,109113.76
112,109113.76,500.0,109613.76,548.07,110161.83
113,110161.83,500.0,110661.83,553.31,111215.14
114,111215.14,500.0,111715.14,558.58,112273.72
115,112273.72,500.0,112773.72,563.87,113337.59
116,113337.59,500.0,113837.59,569.19,114406.78
117,114406.78,500.0,114906.78,574.53,115481.31
118,115481.31,500.0,115981.31,579.91,116561.22
119,116561.22,500.0,117061.22,585.31,117646.53
120,117646.53,500.0,118146.53,590.73,118737.26
